(280, 797) to (974, 761)
(475, 789) to (901, 767)
(431, 790) to (940, 764)
(742, 771) to (805, 768)
(299, 343) to (584, 333)
(692, 330) to (879, 324)
(287, 580) to (295, 371)
(282, 799) to (285, 621)
(952, 528) to (969, 763)
(361, 339) to (739, 326)
(279, 762) to (284, 621)
(501, 339) to (583, 336)
(215, 581) to (329, 574)
(730, 323) to (747, 464)
(279, 795) to (516, 783)
(285, 578) to (292, 400)
(852, 322) to (936, 321)
(286, 578) to (378, 572)
(770, 664) to (783, 774)
(899, 502) to (994, 499)
(392, 337) to (737, 325)
(727, 333) to (845, 328)
(279, 794) to (471, 784)
(951, 528) to (967, 764)
(474, 333) to (681, 325)
(284, 578) to (290, 414)
(928, 312) to (938, 503)
(733, 323) to (741, 406)
(900, 501) to (993, 496)
(207, 581) to (314, 574)
(771, 680) to (782, 770)
(901, 538) to (1018, 525)
(189, 580) to (291, 573)
(763, 597) to (778, 707)
(475, 331) to (665, 325)
(733, 368) to (746, 464)
(720, 331) to (863, 326)
(930, 312) to (940, 502)
(901, 535) to (1017, 522)
(772, 694) to (781, 775)
(625, 542) to (708, 531)
(957, 648) to (965, 764)
(529, 787) to (741, 776)
(954, 528) to (962, 628)
(502, 340) to (581, 339)
(769, 645) to (779, 723)
(903, 501) to (994, 497)
(929, 374) to (936, 503)
(957, 637) to (966, 764)
(229, 622) to (320, 622)
(620, 514) to (707, 510)
(764, 597) to (775, 667)
(901, 536) to (1018, 523)
(899, 504) to (981, 500)
(304, 343) to (420, 341)
(736, 411) to (744, 464)
(187, 579) to (290, 572)
(1027, 492) to (1079, 483)
(298, 344) to (360, 344)
(229, 623) to (320, 623)
(230, 625) to (304, 624)
(930, 374) to (936, 498)
(625, 543) to (708, 533)
(878, 319) to (938, 316)
(635, 525) to (707, 513)
(280, 691) to (283, 628)
(314, 578) to (377, 573)
(230, 621) to (320, 621)
(863, 321) to (937, 320)
(953, 528) to (962, 640)
(902, 539) to (1063, 522)
(634, 530) to (708, 517)
(930, 355) to (937, 503)
(778, 463) to (779, 540)
(285, 676) to (287, 625)
(624, 544) to (707, 534)
(736, 402) to (743, 452)
(776, 539) to (776, 461)
(904, 536) to (1019, 524)
(872, 320) to (937, 319)
(652, 777) to (974, 760)
(634, 528) to (708, 515)
(772, 679) to (784, 768)
(633, 531) to (708, 518)
(636, 514) to (707, 511)
(681, 330) to (734, 327)
(632, 533) to (708, 519)
(478, 323) to (602, 323)
(521, 317) to (601, 318)
(766, 332) to (823, 330)
(544, 347) to (562, 293)
(485, 262) to (598, 252)
(283, 578) to (287, 461)
(730, 322) to (739, 389)
(636, 517) to (707, 512)
(767, 597) to (775, 660)
(776, 777) to (777, 701)
(521, 309) to (600, 315)
(774, 777) to (776, 676)
(521, 315) to (596, 317)
(297, 405) to (300, 341)
(777, 564) to (781, 619)
(634, 529) to (708, 516)
(629, 537) to (708, 524)
(283, 798) to (284, 742)
(779, 562) to (782, 617)
(521, 307) to (600, 311)
(932, 312) to (935, 370)
(199, 581) to (278, 575)
(773, 458) to (775, 535)
(533, 260) to (600, 253)
(279, 791) to (285, 688)
(295, 425) to (296, 370)
(626, 541) to (707, 528)
(389, 340) to (451, 340)
(477, 324) to (602, 324)
(636, 519) to (705, 516)
(559, 299) to (625, 328)
(781, 511) to (782, 591)
(764, 598) to (775, 671)
(928, 502) to (984, 495)
(631, 534) to (708, 522)
(570, 786) to (646, 782)
(776, 565) to (780, 620)
(775, 565) to (778, 622)
(955, 528) to (961, 605)
(521, 318) to (601, 320)
(525, 309) to (600, 313)
(915, 760) to (973, 758)
(283, 799) to (500, 784)
(735, 333) to (741, 396)
(521, 320) to (602, 322)
(620, 516) to (689, 513)
(476, 330) to (627, 325)
(485, 261) to (591, 252)
(537, 261) to (600, 254)
(262, 579) to (330, 574)
(663, 330) to (720, 327)
(521, 313) to (600, 316)
(636, 526) to (707, 514)
(506, 348) to (569, 303)
(280, 704) to (282, 780)
(733, 364) to (743, 428)
(526, 300) to (577, 343)
(901, 534) to (1015, 522)
(508, 351) to (594, 291)
(631, 535) to (708, 523)
(736, 401) to (745, 463)
(544, 346) to (561, 293)
(526, 301) to (577, 344)
(628, 539) to (708, 526)
(632, 532) to (707, 519)
(288, 580) to (359, 574)
(777, 529) to (777, 462)
(774, 566) to (775, 623)
(635, 533) to (708, 520)
(782, 513) to (783, 581)
