Polyline 1:
  (227, 114)
  (226, 116)
  (217, 117)

Polyline 2:
  (122, 115)
  (148, 116)

Polyline 3:
  (159, 115)
  (209, 115)

Polyline 4:
  (115, 117)
  (113, 200)

Polyline 5:
  (239, 117)
  (255, 117)

Polyline 6:
  (263, 117)
  (264, 119)
  (333, 123)

Polyline 7:
  (405, 132)
  (476, 133)
  (538, 142)
  (547, 142)
  (549, 139)

Polyline 8:
  (541, 205)
  (543, 143)

Polyline 9:
  (114, 210)
  (114, 320)
  (111, 349)
  (107, 364)

Polyline 10:
  (541, 215)
  (540, 223)

Polyline 11:
  (540, 234)
  (539, 254)

Polyline 12:
  (539, 272)
  (538, 300)

Polyline 13:
  (538, 310)
  (535, 366)

Polyline 14:
  (536, 373)
  (535, 392)

Polyline 15:
  (529, 463)
  (525, 672)
  (519, 711)
  (408, 710)
  (368, 712)
  (358, 715)

Polyline 16:
  (97, 475)
  (93, 556)
  (92, 662)
  (85, 714)
  (110, 711)
  (257, 712)
  (289, 710)

Polyline 17:
  (534, 714)
  (519, 712)

Polyline 18:
  (79, 717)
  (84, 715)

